2.0
3.0
4.0
5.0
6.0
7.0
8.0
9.0
10.0
11.0
12.0
13.0
14.0
15.0
16.0
17.0
18.0
19.0
20.0
21.0
23.0
24.0
25.0
27.0
28.0
30.0
32.0
33.0
35.0
37.0
39.0
42.0
44.0
46.0
49.0
52.0
55.0
58.0
61.0
64.0
68.0
72.0
76.0
80.0
85.0
90.0
95.0
100.0
106.0
111.0
118.0
124.0
131.0
139.0
146.0
155.0
163.0
172.0
182.0
192.0
203.0
215.0
227.0
239.0
253.0
267.0
282.0
298.0
314.0
332.0
350.0
370.0
391.0
413.0
436.0
460.0
486.0
513.0
542.0
572.0
604.0
638.0
673.0
711.0
751.0
793.0
837.0
884.0
933.0
986.0
1041.0
1099.0
1160.0
1225.0
1294.0
1366.0
1443.0
1523.0
1608.0
1698.0
1793.0
1894.0
2000.0